Run semi-empirical minimization
 &qmmm
  maxcyc=0  qmcharge=0,
 /
   6    C1        7.8280       -5.6820       -1.0610 
   8    O1        8.6750       -4.5830       -1.3830 
   6    C2        8.2710       -3.2380       -1.3740 
   6    C3        6.9590       -2.8540       -1.0500 
   6    C4        6.6000       -1.5010       -1.0460 
   6    C5        7.5400       -0.5020       -1.3350 
   6    C6        8.8420       -0.8990       -1.7020 
   6    C7        9.2140       -2.2570       -1.7080 
   8    O2       10.5150       -2.6710       -2.0390 
   6    C8       11.5940       -1.7910       -2.3370 
   6    C9        7.0920        0.9610       -1.1150 
   6   C10        8.2060        2.0120       -1.4830 
   6   C11        9.4180        2.0150       -0.5630 
   6   C12       10.7080        2.0120       -1.1150 
   6   C13       11.8540        2.0300       -0.2980 
   8    O3       13.1400        1.9930       -0.8600 
   6   C14       13.4220        1.9310       -2.2560 
   6   C15       11.6980        2.0890        1.1110 
   8    O4       12.7760        2.0940        2.0170 
   6   C16       14.1610        2.0410        1.6920 
   6   C17       10.4090        2.1500        1.6650 
   8    O5       10.2930        2.2290        3.0630 
   6   C18        9.0600        2.2560        3.7740 
   6   C19        9.2800        2.1320        0.8280 
   7    N1        5.7100        1.2570       -1.7100 
   6   C20        5.8060        1.8760       -3.0620 
   6   C21        4.8890        2.1440       -0.8090 
   6   C22        5.5140        3.4910       -0.3770 
   6   C23        4.5090        4.3650        0.3810 
   8    O6        3.8720        3.6200        1.4150 
   6   C24        2.9240        4.1820        2.2740 
   8    O7        2.7830        5.4340        2.3430 
   6   C25        2.0630        3.2840        3.1100 
   6   C26        0.5780        3.4340        2.7540 
   6   C27        0.2760        2.9880        1.3470 
   6   C28       -0.9490        3.1590        0.8290 
   6   C29       -1.2810        2.7570       -0.5830 
   6   C30       -1.3540        1.2320       -0.7560 
   6   C31       -2.3690        0.5930        0.1470 
   8    O8       -3.4910        1.1420        0.3280 
   8    O9       -2.0600       -0.6250        0.7630 
   6   C32       -2.9210       -1.2840        1.6900 
   6   C33       -4.1090       -1.9330        0.9690 
   6   C34       -4.9710       -2.7440        1.9690 
   7    N2       -6.2350       -3.3370        1.4090 
   6   C35       -5.8500       -4.3750        0.4090 
   6   C36       -6.9420       -3.9950        2.5520 
   6   C37       -8.2870       -4.6540        2.1860 
   6   C38       -9.0520       -3.9450        1.1030 
   6   C39      -10.3400       -4.3970        0.7800 
   6   C40      -11.0500       -3.8440       -0.3010 
   8   O10      -12.3560       -4.2490       -0.6220 
   6   C41      -13.1050       -5.2120        0.1130 
   6   C42      -10.4470       -2.8570       -1.0910 
   8   O11      -11.1770       -2.3210       -2.1630 
   6   C43      -10.7170       -1.2710       -3.0080 
   6   C44       -9.1450       -2.4240       -0.7850 
   6   C45       -8.4580       -2.9320        0.3330 
   6   C46       -7.1340       -2.3120        0.7610 
   6   C47       -7.4230       -1.0620        1.6600 
   6   C48       -8.2220       -0.0040        0.9360 
   6   C49       -7.5860        0.8680        0.0460 
   6   C50       -8.3300        1.8000       -0.6970 
   8   O12       -7.7150        2.6940       -1.5900 
   6   C51       -6.3120        2.7640       -1.8280 
   6   C52       -9.7290        1.8510       -0.5630 
   8   O13      -10.4050        2.7970       -1.3580 
   6   C53      -11.8140        2.9960       -1.4240 
   6   C54      -10.3830        0.9650        0.3330 
   8   O14      -11.7820        0.9860        0.4500 
   6   C55      -12.5510        0.0660        1.2190 
   6   C56       -9.6120        0.0580        1.0850 
   6   C57        4.8870        0.0010       -1.8930 
   6   C58        5.1820       -1.0800       -0.8450 
  17   Cl1        0.0000        0.0000        0.0000 
  17   Cl2        0.0000        0.0000        0.0000 
   1    H1        8.4110       -6.6220       -1.1330 
   1    H2        7.4480       -5.5800       -0.0230 
   1    H3        6.9800       -5.7320       -1.7760 
   1    H4        6.2090       -3.5990       -0.8210 
   1    H5        9.5710       -0.1720       -1.9980 
   1    H6       11.3620       -1.1960       -3.2460 
   1    H7       12.5080       -2.3900       -2.5260 
   1    H8       11.7840       -1.1140       -1.4770 
   1    H9        6.9800        1.0080       -0.0110 
   1   H10        8.5210        1.8370       -2.5350 
   1   H11        7.8270        3.0450       -1.4650 
   1   H12       10.8120        1.9780       -2.1910 
   1   H13       14.5220        1.9150       -2.4020 
   1   H14       12.9930        1.0040       -2.6910 
   1   H15       13.0090        2.8240       -2.7710 
   1   H16       14.7480        2.0420        2.6320 
   1   H17       14.3910        1.1040        1.1440 
   1   H18       14.4530        2.9330        1.0990 
   1   H19        9.2710        2.2940        4.8630 
   1   H20        8.4740        3.1560        3.4920 
   1   H21        8.4740        1.3370        3.5590 
   1   H22        8.2950        2.2170        1.2620 
   1   H23        6.4310        1.2480       -3.7370 
   1   H24        4.7990        1.9820       -3.5280 
   1   H25        6.2510        2.8890       -3.0480 
   1   H26        4.6430        1.5920        0.1260 
   1   H27        3.9120        2.3790       -1.2970 
   1   H28        6.3800        3.3140        0.2930 
   1   H29        5.8350        4.0780       -1.2590 
   1   H30        5.0400        5.2390        0.8180 
   1   H31        3.7350        4.7390       -0.3250 
   1   H32        2.2100        3.5470        4.1800 
   1   H33        2.3780        2.2270        2.9740 
   1   H34        0.2730        4.4960        2.8810 
   1   H35       -0.0210        2.8190        3.4590 
   1   H36        1.0590        2.5450        0.7370 
   1   H37       -1.7270        3.6260        1.4290 
   1   H38       -0.5170        3.1710       -1.2760 
   1   H39       -2.2590        3.2040       -0.8660 
   1   H40       -1.6240        1.0000       -1.8080 
   1   H41       -0.3530        0.7890       -0.5590 
   1   H42       -3.2700       -0.5620        2.4610 
   1   H43       -2.3320       -2.0750        2.2010 
   1   H44       -3.7060       -2.5990        0.1780 
   1   H45       -4.7010       -1.1300        0.4920 
   1   H46       -4.3230       -3.5550        2.3780 
   1   H47       -5.1920       -2.1040        2.8520 
   1   H48       -6.7190       -4.9730        0.0610 
   1   H49       -5.1090       -5.0920        0.8280 
   1   H50       -5.4100       -3.9170       -0.5020 
   1   H51       -7.1330       -3.2650        3.3680 
   1   H52       -6.2940       -4.7800        3.0080 
   1   H53       -8.9150       -4.7110        3.1020 
   1   H54       -8.0990       -5.6990        1.8550 
   1   H55      -10.7790       -5.1880        1.3740 
   1   H56      -12.5970       -6.1990        0.0770 
   1   H57      -14.1120       -5.3100       -0.3430 
   1   H58      -13.2220       -4.8820        1.1670 
   1   H59      -10.5150       -0.3590       -2.4090 
   1   H60      -11.5020       -1.0380       -3.7560 
   1   H61       -9.7990       -1.5870       -3.5470 
   1   H62       -8.6770       -1.6530       -1.3810 
   1   H63       -6.6420       -1.9400       -0.1650 
   1   H64       -7.9650       -1.3600        2.5820 
   1   H65       -6.4830       -0.5760        1.9880 
   1   H66       -6.5120        0.8020       -0.0730 
   1   H67       -6.1090        3.5630       -2.5690 
   1   H68       -5.7780        3.0070       -0.8850 
   1   H69       -5.9440        1.7990       -2.2360 
   1   H70      -12.0280        3.8010       -2.1570 
   1   H71      -12.2030        3.3190       -0.4350 
   1   H72      -12.3180        2.0690       -1.7710 
   1   H73      -12.3040        0.1680        2.2950 
   1   H74      -13.6270        0.2930        1.0790 
   1   H75      -12.3600       -0.9730        0.8760 
   1   H76      -10.0910       -0.6350        1.7640 
   1   H77        5.0720       -0.4660       -2.8910 
   1   H78        3.7910        0.2070       -1.8860 
   1   H79        5.0430       -0.6950        0.1870 
   1   H80        4.4880       -1.9360       -0.9970 

